card_user_id
651
687
694
787
806
865
869
873
882
893
929
932
944
958
994
1005
1054
1061
1065
1066
1086
1100
1133
1229
1231
1238
1248
1257
1260
1275
1304
1315
1327
1336
1348
1362
1369
1418
1448
1469
1516
1542
1549
1567
1578
1589
1605
1611
1648
1694
1711
1716
1720
1724
1725
1741
1747
1754
1771
1825
1866
1870
1875
1886
1896
1898
1899
1904
1905
1908
1911
1920
1921
1926
1928
1931
1935
1938
1939
1942
1943
1949
1961
1964
1975
1978
1979
1981
1982
1984
1989
1992
1996
1998
2000
2010
2023
2030
2032
2046
2052
2057
2058
2068
2069
2073
2080
2095
2101
2109
2117
2129
2134
2136
2137
2140
2141
2150
2152
2154
2156
2157
2159
2169
2174
2188
2208
2218
2220
2223
2233
2235
2240
2241
2247
2251
2256
2258
2260
2269
2279
2280
2282
2283
2294
2295
2314
2316
2333
2338
2339
2344
2349
2350
2367
2376
2387
2393
2396
2402
2406
2415
2420
2422
2423
2457
2472
2475
2495
2496
2498
2525
2528
2530
2541
2542
2544
2546
2547
2571
2573
2574
2589
2591
2602
2605
2612
2614
2615
2626
2629
2638
2645
2649
2653
2657
2675
2676
2677
2690
2716
2722
2724
2731
2747
2755
2760
2763
2765
2769
2772
2773
2779
2785
2786
2789
2790
2806
2818
2821
2850
2859
2863
2865
2867
2870
2873
2884
2887
2893
2900
2904
2905
2913
2921
2951
2953
2956
2967
2972
2974
2992
2999
3000
3003
3012
3015
3026
3027
3032
3047
3058
3059
3061
3066
3072
3080
3088
3098
3112
3113
3147
3148
3157
3167
3169
3177
3191
3197
3199
3200
3204
3208
3211
3226
3244
3260
3263
3266
3270
3279
3281
3289
3291
3292
3293
3295
3301
3318
3319
3330
3337
3338
3340
3346
3351
3355
3363
3364
3367
3371
3391
3400
3402
3409
3410
3421
3423
3431
3432
3433
3437
3440
3441
3442
3449
3451
3452
3456
3457
3482
3486
3506
3512
3513
3515
3519
3522
3524
3528
3533
3537
3539
3547
3548
3553
3560
3565
3568
3587
3588
3595
3606
3608
3614
3619
3623
3626
3630
3643
3658
3672
3692
3698
3703
3710
3711
3723
3737
3739
3743
3746
3751
3755
3756
3759
3761
3763
3770
3771
3775
3782
3792
3793
3799
3812
3829
3831
3833
3834
3860
3865
3887
3888
3893
3894
3906
3919
3934
3942
3944
3946
3947
3949
3955
3959
3966
3968
3978
3984
3996
3997
4003
4018
4034
4037
4040
4046
4047
4057
4058
4064
4068
4072
4091
4098
4101
4102
4108
4111
4112
4119
4121
4126
4127
4132
4142
4150
4166
4173
4183
4186
4195
4196
4209
4210
4213
4215
4216
4218
4223
4228
4229
4239
4240
4242
4243
4258
4266
4269
4272
4282
4285
4288
4291
4307
4310
4316
4322
4331
4337
4342
4357
4362
4386
4389
4394
4405
4415
4420
4438
4440
4441
4442
4444
4445
4453
4455
4456
4462
4468
4469
4471
4472
4488
4493
4503
4504
4506
4521
4522
4525
4526
4527
4529
4535
4545
4546
4547
4563
4568
4606
4611
4612
4615
4619
4621
4625
4629
4631
4666
4680
4687
4689
4697
4698
4700
4702
4722
4730
4731
4733
4736
4738
4743
4745
4768
4771
4773
4776
4784
4787
4791
4794
4804
4812
4821
4838
4847
4848
4850
4854
4855
4856
4877
4902
4908
4927
4936
4937
4948
4953
4962
4963
4966
4967
4969
4972
4975
4980
4982
4985
4996
4997
5003
5006
5008
5011
5012
5019
5025
5031
5038
5039
5042
5043
5045
5048
5052
5053
5058
5059
5067
5070
5075
5078
5081
5084
5086
5088
5104
5111
5117
5129
5133
5149
5149
5150
5151
5168
5170
5173
5175
5180
5182
5191
5192
5200
5205
5215
5216
5222
5233
5242
5245
5254
5260
5265
5266
5269
5271
5275
5275
5278
5295
5310
5311
5314
5316
5322
5326
5329
5333
5335
5347
5349
5353
5357
5360
5365
5369
5371
5375
5381
5386
5396
5398
5399
5401
5409
5410
5413
5417
5420
5422
5423
5435
5438
5440
5441
5447
5450
5452
5456
5472
5478
5488
5501
5503
5505
5506
5508
5515
5529
5536
5537
5542
5545
5563
5568
5569
5576
5580
5584
5592
5594
5596
5606
5623
5624
5628
5636
5638
5645
5648
5657
5675
5678
5680
5683
5684
5691
5695
5699
5702
5704
5705
5731
5736
5737
5738
5743
5750
5753
5755
5760
5762
5764
5769
5776
5784
5805
5807
5813
5819
5830
5831
5836
5869
5871
5876
5878
5889
5891
5898
5900
5901
5916
5922
5923
5937
5944
5951
5953
5954
5959
5961
5963
5966
5969
5976
5983
5992
5994
5996
5999
6007
6025
6033
6040
6046
6047
6050
6052
6069
6073
6075
6091
6111
6114
6127
6128
6131
6132
6134
6137
6139
6145
6152
6153
6156
6165
6182
6183
6186
6189
6198
6205
6218
6224
6227
6238
6239
6251
6264
6268
6270
6271
6278
6286
6287
6288
6297
6300
6312
6328
6329
6330
6331
6334
6341
6348
6352
6358
6359
6360
6364
6371
6372
6375
6378
6384
6396
6405
6414
6422
6432
6435
6436
6447
6448
6457
6460
6461
6465
6466
6469
6470
6471
6479
6483
6487
6495
6496
6500
6504
6514
6518
6523
6525
6529
6530
6532
6555
6557
6560
6562
6564
6565
6571
6581
6586
6592
6602
6610
6615
6623
6624
6625
6640
6651
6654
6663
6664
6670
6671
6678
6690
6692
6697
6711
6713
6716
6720
6721
6735
6736
6736
6737
6740
6741
6763
6769
6771
6777
6778
6780
6792
6793
6799
6802
6806
6829
6847
6848
6850
6855
6856
6867
6874
6879
6881
6883
6884
6887
6900
6903
6906
6907
6908
6911
6922
6932
6933
6937
6939
6944
6949
6951
6959
6961
6964
6967
6974
6979
6985
6991
6997
7010
7016
7020
7021
7026
7038
7045
7049
7062
7072
7079
7082
7083
7085
7091
7094
7098
7108
7120
7128
7132
7135
7156
7170
7174
7176
7181
7183
7187
7194
7204
7205
7210
7211
7214
7218
7220
7222
7223
7226
7229
7235
7244
7247
7248
7252
7265
7277
7282
7285
7299
7300
7302
7303
7305
7313
7323
7325
7333
7351
7357
7360
7361
7366
7367
7369
7371
7374
7388
7406
7428
7430
7443
7452
7453
7456
7457
7466
7490
7491
7500
7503
7508
7508
7514
7521
7529
7530
7532
7540
7559
7560
7563
7569
7575
7579
7580
7586
7606
7607
7608
7610
7615
7620
7626
7634
7639
7644
7652
7660
7663
7666
7675
7678
7681
7693
7697
7700
7704
7716
7724
7733
7735
7737
7738
7740
7745
7757
7762
7770
7781
7781
7783
7784
7788
7796
7797
7801
7802
7805
7807
7808
7811
7814
7818
7819
7824
7825
7828
7833
7841
7841
7842
7842
7843
7844
7847
7848
7849
7850
7851
7852
7855
7855
7855
7855
7855
7855
7855
7855
7857
7859
7860
7861
7863
7864
7866
7867
7868
7869
7870
7871
7872
7874
7875
7880
7882
7883
7884
7885
7885
7886
7889
7891
7893
7894
7895
7896
7897
7898
7898
7899
7900
7901
7902
7904
7908
7909
7910
7912
7913
7916
7917
7918
7919
7923
7924
7925
7926
7927
7931
7931
7932
7933
7934
7935
7938
7942
7943
7944
7945
7947
7947
7948
7950
7952
7953
7954
7955
7956
7957
7959
7960
7961
7962
7965
7966
7967
7969
7970
7971
7972
7973
7975
7976
7978
7979
7982
7983
7984
7985
7986
7987
7988
7989
7990
7992
7993
7995
7996
7997
7998
7998
7999
8000
8003
8004
8009
8010
8028
8029
8030
8031
8033
8037
8045
8047
8048
8051
8053
8054
8055
8056
8057
8059
8061
8062
8068
8073
8076
8078
8079
8080
8083
8084
8086
8089
8090
8092
8093
8094
8095
8096
8097
8098
8099
8100
8101
8102
8103
8105
8105
8106
8108
8109
8110
8113
8114
8116
8117
8118
8120
8121
8122
8123
8124
8125
8126
8127
8129
8131
8134
8135
8136
8136
8138
8141
8142
8143
8144
8145
8146
8148
8149
8150
8151
8153
8156
8157
8158
8160
8161
8162
8164
8164
8166
8172
8176
8177
8178
8179
8180
8181
8182
8183
8184
8184
8185
8187
8188
8189
8190
8191
8191
8193
8196
8201
8202
8202
8203
8203
8204
8205
8207
8210
8210
8211
8212
8213
8214
8217
8220
8222
8223
8224
8226
8227
8228
8230
8231
8233
8235
8236
8237
8238
8239
8241
8243
8244
8245
8246
8247
8249
8249
8250
8251
8252
8255
8256
8257
8259
8260
8261
8263
8264
8265
8268
8269
8272
8274
8275
8279
8280
8281
8282
8284
8286
8287
8294
8295
8301
8302
8303
8304
8307
8309
8310
8311
8312
8314
8318
8319
8321
8322
8323
8325
8327
8328
8329
8339
8342
8343
8344
8345
8345
8346
8348
8349
8352
8354
8356
8357
8359
8361
8362
8363
8364
8365
8366
8367
8368
8370
8372
8373
8376
8378
8380
8381
8382
8383
8384
8385
8386
8387
8389
8390
8390
8391
8392
8393
8394
8396
8396
8398
8399
8400
8402
8406
8407
8408
8412
8412
8413
8414
8415
8416
8417
8420
8420
8421
8422
8423
8424
8425
8426
8429
8431
8432
8433
8435
8436
8437
8438
8438
8439
8440
8441
8442
8443
8444
8445
8446
8447
8448
8449
8450
8451
8452
8454
8455
8456
8459
8462
8463
8467
8468
8470
8471
8472
8473
8474
8476
8477
8478
8479
8480
8481
8481
8482
8483
8485
8488
8490
8491
8493
8494
8498
8499
8500
8501
8502
8503
8504
8505
8506
8507
8508
8510
8511
8512
8514
8515
8517
8518
8519
8520
8522
8523
8524
8526
8527
8532
8533
8534
8535
8537
8538
8539
8540
8541
8543
8544
8545
8550
8550
8551
8552
8554
8555
8556
8557
8558
8559
8560
8563
8564
8567
8567
8568
8569
8571
8572
8573
8574
8575
8576
8576
8577
8578
8579
8580
8583
8584
8586
8587
8589
8590
8591
8592
8594
8596
8597
8598
8599
8601
8602
8603
8606
8607
8608
8609
8612
8613
8614
8616
8617
8618
8619
8620
8621
8622
8624
8625
8626
8627
8628
8630
8631
8632
8633
8634
8635
8636
8637
8639
8642
8647
8648
8649
8650
8651
8652
8655
8657
8658
8659
8660
8664
8667
8669
8670
8670
8671
8674
8675
8677
8679
8680
8680
8681
8683
8685
8687
8688
8691
8692
8693
8694
8696
8697
8698
8699
8700
8701
8702
8703
8704
8705
8707
8708
8708
8709
8711
8713
8714
8715
8717
8718
8720
8721
8721
8721
8722
8724
8726
8726
8729
8732
8734
8735
8739
8740
8741
8741
8744
8745
8746
8747
8747
8748
8755
8756
8757
8758
8761
8764
8765
8766
8767
8768
8769
8770
8773
8774
8776
8777
8779
8780
8782
8783
8784
8785
8786
8787
8789
8790
8791
8793
8793
8793
8794
8795
8796
8797
8800
8802
8803
8804
8805
8809
8810
8812
8813
8814
8815
8816
8818
8819
8820
8822
8823
8824
8827
8829
8830
8831
8831
8832
8834
8836
8837
8838
8840
8841
8843
8843
8845
8848
8849
8855
8857
8858
8859
8860
8862
8863
8865
8866
8867
8867
8867
8867
8867
8868
8868
8869
8870
8870
8872
8874
8875
8877
8879
8879
8880
8881
8882
8883
8884
8888
8889
8891
8907
8908
8909
8910
8911
8913
8914
8915
8917
8919
8919
8920
8921
8922
8923
8924
8926
8927
8928
8928
8929
8931
8932
8933
8935
8937
8938
8940
8944
8946
8949
8950
8951
8951
8952
8953
8954
8955
8956
8963
8969
8969
8970
8971
8972
8974
8975
8976
8977
8978
8979
8980
8981
8982
8985
8986
8986
8987
8988
8989
8991
8992
8993
8994
8995
8997
8998
8999
9000
9002
9003
9004
9005
9007
9008
9009
9010
9014
9015
9016
9017
9019
9021
9022
9024
9027
9028
9029
9031
9033
9034
9037
9038
9039
9040
9041
9046
9047
9048
9049
9050
9051
9052
9053
9055
9057
9057
9058
9060
9061
9062
9064
9065
9068
9069
9069
9069
9070
9071
9073
9075
9076
9077
9078
9079
9080
9082
9083
9084
9085
9086
9088
9089
9090
9093
9094
9095
9096
9097
9100
9101
9102
9105
9107
9108
9108
9110
9111
9112
9113
9114
9115
9117
9118
9120
9126
9127
9128
9130
9130
9131
9132
9133
9134
9135
9136
9138
9140
9142
9143
9145
9146
9148
9149
9150
9152
9153
9154
9154
9155
9156
9157
9158
9160
9164
9166
9168
9169
9170
9170
9171
9173
9174
9175
9176
9177
9179
9180
9180
9180
9181
9182
9185
9186
9187
9188
9189
9191
9194
9195
9196
9197
9198
9199
9200
9203
9205
9206
9208
9209
9211
9212
9215
9216
9217
9218
9218
9220
9222
9223
9224
9226
9226
9228
9229
9230
9231
9232
9233
9234
9236
9237
9238
9238
9238
9239
9240
9241
9245
9246
9247
9250
9254
9254
9256
9257
9258
9258
9259
9260
9261
9263
9264
9265
9265
9266
9267
9268
9268
9269
9270
9272
9274
9275
9278
9279
9280
9284
9288
9290
9292
9296
9297
9298
9301
9303
9305
9306
9307
9311
9313
9314
9315
9318
9319
9320
9321
9322
9323
9324
9326
9327
9330
9331
9335
9335
9337
9338
9339
9341
9342
9344
9345
9346
9347
9352
9354
9355
9356
9357
9358
9359
9363
9364
9365
9366
9367
9368
9369
9370
9372
9373
9373
9375
9376
9377
9378
9379
9382
9383
9385
9386
9387
9388
9389
9391
9392
9393
9394
9394
9394
9395
9396
9397
9401
9402
9403
9404
9407
9408
9409
9410
9412
9417
9418
9419
9420
9421
9422
9423
9427
9428
9429
9430
9431
9432
9434
9435
9440
9441
9445
9446
9447
9451
9453
9455
9457
9462
9463
9467
9468
9469
9470
9473
9474
9475
9476
9477
9478
9479
9480
9481
9482
9483
9484
9484
9484
9485
9487
9488
9489
9491
9492
9492
9494
9497
9499
9499
9500
9501
9504
9505
9513
9515
9516
9518
9520
9522
9523
9526
9528
9531
9534
9534
9535
9537
9538
9541
9543
9544
9545
9545
9546
9547
9548
9549
9550
9551
9552
9553
9554
9555
9556
9557
9559
9560
9561
9562
9563
9567
9568
9569
9570
9571
9572
9573
9574
9577
9578
9579
9580
9582
9583
9584
9585
9586
9587
9588
9590
9591
9593
9594
9595
9596
9597
9598
9599
9601
9603
9604
9605
9607
9609
9612
9614
9615
9617
9618
9619
9621
9622
9626
9628
9629
9632
9633
9635
9636
9637
9638
9639
9640
9642
9643
9644
9645
9646
9647
9648
9650
9651
9655
9656
9657
9659
9660
9661
9662
9663
9666
9668
9669
9670
9671
9672
9673
9675
9676
9677
9678
9679
9680
9681
9682
9683
9684
9685
9686
9687
9688
9690
9691
9692
9693
9694
9695
9696
9697
9698
9698
9699
9699
9700
9701
9702
9703
9704
9705
9706
9708
9709
9710
9711
9712
9713
9714
9715
9716
9716
9716
9716
9717
9718
9719
9719
9720
9722
9723
3179
2372
8653
8331
4226
3999
4748
9581
3393
2908
2089
7940
993
3974
9442
6969
3962
1803
1803
1803
8337
2664
8943
2331
2958
2906
3278
3245
2822
1670
7145
4703
9476
2771
3750
5938
4669
4694
3972
4949
8128
2737
4416
5782
9271
8403
8847
3633
8199
7259
8283
3070
9602
9641
5633
9030
8727
5125
8738
6201
2607
8730
6194
1880
2461
5250
5740
4252
8666
4883
2601
3269
7479
8464
1642
5315
6022
3923
2377
5687
5653
8876
8957
3389
4066
8893
7159
7221
4530
6931
1893
7254
3374
3578
6210
2644
9190
6266
8049
2583
3188
3310
6909
9521
4163
6841
5524
9056
2270
7326
8611
6822
5481
4165
7014
3627
8267
1836
2533
2534
2613
2527
6481
5925
3790
9099
8484
8942
8270
6707
5521
7541
9464
3074
4587
6790
4332
7339
594
3892
6475
8835
4004
2898
5985
3857
3701
3067
2355
2219
2116
6782
2054
7373
3100
5791
9426
3681
2065
9159
5590
2060
1113
8495
6621
6935
3387
2903
8159
8905
2841
2849
5826
5211
1377
7743
7677
7275
7275
2748
8792
8405
2346
4414
4384
5723
7232
7412
6478
7012
7459
4536
8903
9517
6144
6886
6886
3863
8293
4001
2837
7421
6601
9472
4402
5470
9011
3736
5022
9606
5806
2661
8605
6998
8026
7272
8851
1923
4431
6966
4977
2022
7482
2585
3644
3722
8194
2212
8885
3342
3342
2847
1029
5230
8453
7246
4417
4635
7790
6742
5492
5887
7489
5444
2667
6549
3448
7727
7854
3684
7274
1765
6912
6655
5957
7632
3038
4885
3057
837
7104
1153
2361
731
8833
9503
6342
5577
6970
9413
1874
6249
2094
884
8653
6100
6192
2811
4235
8723
4436
7564
7564
3324
1363
6790
2325
7023
7163
2105
6618
8300
5499
2753
2868
5749
6000
8712
5208
9059
3121
3078
4463
7958
2894
4939
7494
6787
8041
9066
8042
7054
9456
4259
5004
3497
1976
6257
1541
6426
8939
6507
2474
8733
9082
8112
9074
8043
4309
5637
9137
1880
8429
3994
6232
8595
1485
7035
6036
3493
7377
8513
6813
2835
6575
2397
9576
5850
4374
7368
7297
6750
2792
3687
7383
2434
3030
3332
5958
6166
9351
6175
3369
7646
8388
3125
2284
8654
7335
2647
8306
9514
5509
2252
5848
3875
8060
3653
7636
7903
5668
7504
8610
5849
3729
5840
9589
8899
8898
2610
9281
9013
4149
2848
6473
5272
7686
1881
8760
7567
5643
4809
4188
8040
5352
3680
8894
6493
5320
2123
6335
4308
2828
2680
7504
8234
2143
6950
5546
9399
7821
2138
3636
4366
6790
2271
3101
7648
3808
6066
3778
7447
4964
9042
9558
6677
5036
2366
7056
2853
4176
3209
9540
7708
4870
3491
4467
7240
7862
5321
5547
3228
2616
3922
4158
1574
4031
9161
6892
3532
3146
8826
7365
5921
3853
3184
7125
2799
9348
9255
8525
3384
7397
5574
5572
6866
3479
4284
9436
5262
7556
3126
8775
6291
6605
2291
8801
6815
7318
9251
5225
8011
3016
5275
4187
901
9415
5187
8570
9317
3557
1455
9308
8945
2713
2713
9437
7199
4766
4412
9707
1972
5294
3713
7364
7413
3927
6092
8358
7233
8410
3864
5210
2953
8465
4803
7587
6832
1326
2545
8556
7974
4326
6753
4878
3995
3679
3102
4022
5339
4845
8750
2454
2600
5159
7058
867
8152
2404
4891
4120
2222
7920
7280
3221
3572
1017
9600
5449
2746
2412
6954
738
3013
6827
9336
6212
4080
8195
4879
2742
3977
2413
7641
2061
9662
7502
9448
8248
8248
4835
4094
7153
3708
8014
9210
6566
7582
8299
7676
3050
8684
7637
2631
5745
3212
1144
8861
2407
4237
8736
4383
4577
6825
9291
6981
3473
5903
7865
6160
8064
4732
6527
2399
4537
1933
8174
2158
7573
8039
3752
8458
3882
7441
3371
7195
7753
9006
8918
7111
7111
7853
7649
7207
3790
8788
9072
6394
3597
3983
5810
8887
3930
7599
4246
4856
3172
5411
7799
8646
1580
7915
7046
3507
6015
7614
5627
5196
2051
6962
7548
8379
8005
4552
7131
1590
3764
7271
4249
6773
7321
5706
7149
3686
4933
9125
986
657
1030
6392
2560
3554
7212
6819
9334
5341
2160
2732
4641
4477
4923
4638
8271
2954
4618
6808
9493
6634
9276
5709
3365
3183
2405
8668
8901
3877
7404
7526
1809
8200
4427
9299
3546
2155
3696
4585
9360
4141
8353
8895
8615
3005
7278
3112
8289
7963
9608
3353
6355
7110
4832
3915
2335
1780
5770
5494
6130
4983
2648
1994
6176
3375
5593
4399
5966
4146
6428
2002
5540
5808
3777
9631
2239
4346
8133
4335
6957
1242
8313
9623
6662
4115
4841
8719
5026
5138
8272
9219
3663
7484
1728
8371
1418
5741
8225
795
2563
5694
3304
8530
9081
8695
6593
3959
4155
5395
1913
3261
7713
6095
7939
3192
7249
4268
5794
9144
3567
4024
9054
4398
9287
2466
4661
9610
5902
8336
8154
2735
3218
8288
810
2733
3613
9380
6738
2313
2021
7081
2452
7890
6023
5720
3170
6163
5518
5977
3176
8333
3796
6635
8604
1059
5516
8175
3388
5100
5100
1862
2119
9243
2824
6561
4853
7755
2062
8326
1565
6408
9400
5630
2825
4575
5143
2131
2334
2357
2937
4932
4055
2831
5113
3255
7921
7922
6409
4294
2453
3120
8686
5023
5019
7858
8751
7390
1897
5608
5765
6708
5085
2305
3006
5827
4823
3198
5454
9316
2287
6891
5312
7387
4979
7680
9018
7600
7167
7544
1330
3350
7324
8743
7411
3756
7565
6452
3921
9249
8401
3458
4043
9665
2800
3669
8430
8878
8409
5744
4175
7703
3250
3616
7497
6758
7312
7475
3910
9043
6014
4829
3470
9304
8372
6591
4884
4137
4367
7236
8645
5742
9312
9465
885
3933
9525
6633
6700
6088
8886
8137
7930
4327
5933
3502
4540
4381
9575
3536
5998
9201
2633
4257
5751
5946
5886
6298
6686
7994
2833
8778
5942
6065
3668
1489
8165
4782
6744
7416
8799
5661
7343
2230
7873
1922
8273
8119
9104
8298
9221
2557
4760
2168
1709
6546
2072
4882
6174
4027
5469
8173
4786
8661
1767
6060
4785
5429
8208
5856
5171
3084
8706
9532
4184
3848
3896
8638
3466
2586
1999
2464
3582
3582
8983
6106
5660
5163
6022
6317
8762
3936
8063
5223
3718
5236
6009
1730
8798
4301
8044
8902
3189
8930
7730
8338
2055
2728
4806
7773
7773
4620
4802
4343
2332
8038
8481
6309
8531
7779
8600
8581
3603
2124
2882
3054
8553
4375
5097
2719
5273
3305
3798
7941
2090
8341
3158
7856
4312
7415
7612
4447
7914
6665
3586
4015
3390
9329
8821
8821
7393
8643
4368
588
7039
2463
8397
8052
1016
3201
5213
5759
2711
9452
7294
3618
602
7237
8240
9539
6158
5825
2642
3150
5665
9045
7846
4583
6308
2628
5334
6346
7981
7611
5169
2816
8292
5477
5224
8147
3344
9244
4741
2148
4012
5123
8676
7752
6980
6068
9460
8984
7754
7671
2520
6439
5973
3912
1706
9454
4329
3869
4470
5735
9450
622
2754
2414
9592
7292
8290
6722
5056
2801
5076
8248
5817
3348
1021
4020
3205
3385
8804
5982
4029
2458
9672
8050
8171
5931
3268
1924
2964
9151
7500
1806
5472
6127
9141
8360
5008
9020
5374
3128
7577
5613
4637
3788
6380
2036
5400
5116
6711
824
7888
2941
6327
4334
1915
6501
3413
1873
4021
6689
4994
7707
4231
1910
3939
3878
8036
2949
2599
5176
2408
7402
4845
8752
5027
7725
2942
7276
7164
6739
6056
6672
1807
2268
9697
7405
3372
7831
6421
7506
5655
3119
5883
5586
1464
7423
7239
5779
8663
6064
5079
3880
5777
2819
5716
4410
9530
6761
6928
6928
3609
2275
4926
4890
5599
8808
3267
4509
4734
1622
2587
8350
1860
2976
8209
5491
9624
6390
7504
3063
6641
5562
9524
7407
3622
3617
2718
5830
4081
2435
6544
6810
6141
8846
1467
8763
735
8395
8369
9652
7710
973
1218
5338
2798
9036
9443
9443
9443
9439
6944
9248
9439
8457
9443
9248
9444
9439
9248
9527
9443
9248
9248
9442
9442
9248
9035
9248
9527
9035
9442
9527
2750
8460
1174
4792
6790
3223
5981
2362
1109
9302
9536
3773
9424
3754
5287
2317
1513
5510
2468
2991
2946
8434
2876
2462
4200
3868
5589
4539
8521
9416
4790
8817
1956
9325
9566
6791
8486
1974
4449
2910
8536
7690
9091
9106
5345
3050
4678
7951
8690
2067
5114
8828
8948
4314
2577
1877
3499
4705
9202
8496
5659
6614
6570
2079
4830
5974
2697
7147
2531
5064
2365
9109
4810
6811
5642
4917
9390
8749
5239
6706
1987
9630
2503
3307
9092
4590
3816
2194
1883
8058
6337
5074
9295
5845
1623
2655
6880
601
8351
4067
7936
9183
6181
8497
8232
9252
5161
3602
6018
9374
6748
4600
6225
2493
5578
4942
8906
1434
5453
1856
2641
3453
9449
4737
7429
3077
8759
1358
6652
7937
2566
6321
1194
2588
2553
4844
3727
7004
7103
8585
6956
7669
3625
5658
3187
3561
2842
9398
9025
8772
2176
4513
6055
4558
5051
7542
9262
7018
6812
5507
7968
675
3726
4497
7296
6424
1370
2961
6293
2107
3552
5279
6045
6045
7673
7439
6752
7011
6284
4276
7949
9620
8871
4914
4656
2808
6089
8458
8458
7090
5532
3191
7980
1749
2710
9204
3485
6129
2149
3299
9207
8085
9414
3152
4569
4481
9486
4898
9502
6785
3090
6528
8332
6775
5676
5533
2567
2278
5884
6853
6438
5987
9225
4457
6978
3963
6828
3545
7392
8629
3116
3844
7424
5763
868
4517
4036
9564
5285
6054
7609
7403
6051
2016
9634
707
7718
8115
2049
9026
5195
8656
8198
3673
4324
5412
9689
8509
3862
5340
4515
8082
4304
2712
5802
4074
3403
2267
2041
6661
4230
5168
6657
2142
5300
750
9438
5855
2535
7822
7144
5121
5136
3914
4662
4286
8035
8130
7845
5556
4683
4998
7654
7409
5261
8266
2854
4390
6306
6486
7124
1972
1972
4347
6429
8066
2441
5096
7589
6804
7766
9167
5711
2473
3373
2204
2411
9067
3194
3419
8469
9721
4422
5419
3514
2978
7391
6943
8215
6004
7384
6688
4330
3958
5118
7113
5228
3730
8716
7887
9442
9277
9616
9444
4489
5057
4632
2916
8308
2235
5455
1285
2526
4247
6826
6062
8418
2429
8262
6755
9001
7481
8947
4614
5538
3122
3757
2757
3107
3040
8334
6274
5162
4849
3951
8753
6425
5206
2609
5837
3573
3467
8811
6382
2243
1622
4993
5249
4905
4560
2902
2024
6246
996
2734
5174
7130
9497
2593
6790
7382
8111
2971
1598
2085
2056
833
4328
3434
709
8002
2172
5383
6609
6508
9565
8771
2751
2015
9519
5131
4727
9406
2632
2448
6332
2234
8428
1909
5142
6494
6276
8565
6864
6548
7000
4715
3508
4369
5095
8375
3620
3065
6135
2217
2962
2880
6263
2173
7208
2312
4296
8754
2254
3540
6039
3871
9340
5140
8489
5800
6041
3185
1051
5029
3931
7977
9227
1872
2892
2324
5611
6839
1529
1375
2293
8475
8219
2781
2303
7964
3534
3566
4610
8644
5955
7613
5979
5500
3701
7929
8839
961
5893
3790
4404
3732
6506
8377
2948
2244
4886
7785
3231
7231
4673
2565
7202
7268
5055
3592
7907
6727
6502
6477
9613
1888
5634
3082
8317
6373
6119
4911
2726
4542
2345
6759
4652
9362
8192
7209
9498
8419
4042
2960
5677
5068
8640
4922
9310
4373
9165
2371
4893
4709
1381
2536
7659
3749
2899
7342
1859
5970
5021
8806
9333
7295
1945
3186
6277
2013
845
2640
2347
3022
3069
6161
6000
9293
7179
3907
7400
3321
5915
8330
6223
5368
4774
2767
4423
4586
9124
9129
816
8529
3053
8320
8996
7581
2579
4688
2502
6433
3836
6612
5560
8335
9459
2990
3164
6042
1820
7227
8844
2432
8546
3666
9350
3779
5739
2100
7778
5050
6975
3593
2123
2039
2955
3035
7162
3990
9461
5102
6013
7905
3333
5032
2695
2575
7780
7780
8081
6876
5555
3329
9332
7102
8561
9343
7073
2166
8689
3331
5392
1951
1205
5773
8221
4129
9098
5132
9471
4059
7463
8747
7638
6292
9235
9611
8008
8015
6248
7688
7431
4633
4633
5204
4601
8278
8075
9285
3924
3411
1912
7948
7017
8892
6573
5600
6833
3311
2604
8856
9294
9654
5960
5105
8990
8842
6512
6995
4035
6140
8034
6796
9300
2696
2686
8853
9353
1769
8355
1861
4281
8825
5414
3765
6521
4730
5888
7219
3175
9286
7166
2538
7906
4388
3315
5358
5718
7121
4217
5062
8925
6272
1050
6441
1210
3550
7467
5442
8258
5686
2309
5015
7946
2559
8936
2704
2552
5719
3202
1622
1622
3083
6423
4695
610
1019
3957
8374
7545
2264
8542
4349
1365
5093
7533
2207
5491
5496
2646
3379
8242
4659
5950
6202
9533
2986
2490
2019
4224
7105
4079
7112
4172
4508
8852
9103
7204
8132
5066
8027
6963
9273
2869
4959
4099
3182
7508
9658
8850
6730
6704
6154
8347
4909
4139
8163
9495
8291
603
3976
5237
1834
3043
2639
8305
2562
5323
8316
4703
714
7322
9625
4466
3104
8494
8091
4479
4677
8864
8710
8854
5917
8155
4960
2351
1457
7150
6220
4480
5327
9309
7604
4646
8297
9116
6749
4863
4133
3531
8229
4758
6044
2662
4401
6596
4400
8088
5276
4464
4385
3475
3867
5688
7692
6790
2170
1918
7136
6319
4534
5670
3649
4671
4670
4639
2702
5107
9147
4549
1498
8139
9411
6282
4451
5479
2263
7794
8218
7363
9063
6743
8206
1852
4696
8566
8427
8216
6708
5344
4658
2668
6397
9425
3242
5654
3335
6658
4555
9405
8641
9192
5879
5672
6898
4028
4433
3110
4490
2289
3944
8411
4783
6247
5009
3377
8197
2804
3705
7683
3948
5792
6345
8873
5408
6211
8487
7928
2931
3589
8588
8562
2421
9283
6613
6724
6639
6522
3129
7492
8770
9466
4277
4955
6986
7837
6459
7991
7519
5697
928
8324
1357
4135
9032
8890
2425
6983
4769
5853
1214
7161
4570
4728
3254
8665
6611
8254
2020
8104
7911
2165
3290
4171
5164
4711
2973
3725
2370
7427
6258
6437
8074
8593
4403
8934
7504
3518
3283
2860
6236
2206
8516
2935
9184
3086
2403
2125
7066
3645
4999
8912
7057
2564
9384
5024
7375
8973
7512
5289
3945
8781
2202
5379
3811
1865
6480
8941
9242
6122
3445
2379
7767
4289
4718
5378
3543
6868
3928
4862
9282
8006
5941
3559
5235
8964
2272
8965
7662
7738
2265
9328
8466
5178
3847
4624
5090
2492
7800
8012
5748
3247
4355
4203
9361
8140
4360
4019
8107
9044
2201
1639
9649
2386
779
8916
2524
8296
8807
8077
9193
3682
8678
8547
9139
9172
5934
772
1442
1622
1652
2053
2108
2584
2636
2717
3001
3096
3105
3143
3155
3364
3469
3542
3701
3922
3954
4090
4250
4267
4476
4505
4557
4562
4564
4667
4793
4852
5106
5134
5747
5797
5881
5894
6034
6037
6150
6303
6422
6889
6893
7234
7432
7439
7472
7787
7810
8007
8032
8315
8672
8728
8896
8897
8900
8904
9035
9035
9035
9035
9035
9248
9248
9433
9542
9087
1586
4075
5655
9119
2153
1387
6807
8673
8731
5514
9674
1993
2290
2321
2672
5220
5640
6112
6701
7040
7381
8046
8404
1986
2478
3253
3356
4592
6215
7032
4336
7348
8623
1529
1892
2225
2375
2385
2823
3591
4365
5197
5978
6000
6326
6620
6708
6789
6830
6858
7331
7487
8340
8737
2522
3073
4065
4092
5841
6074
7892
9496
1803
1803
1902
1948
2176
2455
2700
3089
3123
3229
3314
3819
3861
3925
3973
4245
4253
4419
4708
4811
5473
6468
6818
6869
7399
8253
8461
8528
8742
9023
9349
9381
9653
9664
2383
4777
6120
5631
6196
6550
8087
7534
7772
1574
7798
8001
3381
3929
4298
4333
4574
4814
5145
6271
6354
7036
7535
7549
7706
8186
5918
7186
9168
9627
9667