user_id_no
393
398
401
403
416
418
420
423
424
431
432
434
442
450
454
461
470
489
511
512
515
531
541
543
551
552
559
562
574
578
579
580
585
588
592
594
601
602
603
609
610
614
622
651
657
669
675
682
684
687
694
707
709
714
727
731
735
738
750
753
764
772
773
775
779
787
806
810
812
816
824
826
833
837
838
844
845
864
865
867
868
869
873
882
884
885
893
901
915
928
929
932
944
949
958
961
973
975
976
986
991
992
993
994
996
1005
1007
1016
1017
1019
1021
1029
1030
1033
1044
1045
1050
1054
1059
1061
1065
1066
1086
1094
1096
1099
1100
1101
1109
1111
1113
1122
1126
1133
1144
1147
1158
1163
1170
1174
1175
1188
1190
1194
1203
1205
1208
1210
1214
1218
1220
1225
1226
1229
1231
1238
1242
1248
1254
1257
1259
1260
1262
1268
1269
1275
1282
1285
1289
1296
1304
1312
1315
1319
1325
1326
1327
1330
1333
1336
1348
1351
1354
1357
1358
1362
1363
1365
1369
1375
1377
1381
1382
1387
1389
1399
1400
1412
1415
1418
1425
1428
1430
1433
1434
1440
1442
1448
1450
1452
1455
1457
1464
1467
1469
1473
1478
1479
1485
1489
1491
1498
1501
1509
1510
1511
1513
1516
1521
1523
1524
1528
1529
1532
1539
1541
1542
1543
1545
1548
1549
1555
1556
1558
1560
1563
1565
1567
1572
1574
1578
1580
1583
1584
1586
1589
1590
1598
1599
1601
1605
1606
1609
1611
1617
1627
1629
1634
1639
1642
1648
1649
1652
1657
1659
1667
1670
1675
1681
1694
1697
1702
1704
1705
1706
1709
1711
1712
1716
1719
1720
1723
1724
1725
1726
1728
1730
1741
1747
1754
1765
1767
1769
1771
1779
1780
1783
1785
1787
1788
1792
1793
1796
1801
1802
1806
1807
1815
1820
1822
1823
1825
1826
1834
1836
1838
1841
1847
1850
1851
1852
1854
1856
1861
1865
1867
1885
1887
1892
1893
1897
1899
1900
1905
1907
1908
1912
1915
1916
1917
1921
1924
1926
1927
1928
1929
1930
1932
1936
1939
1947
1948
1953
1961
1962
1972
1977
1981
1985
1988
1990
1993
1995
1996
1998
1999
2001
2003
2004
2006
2010
2011
2013
2016
2018
2019
2020
2036
2041
2042
2049
2050
2053
2054
2056
2058
2068
2070
2072
2077
2081
2082
2084
2085
2086
2087
2088
2089
2090
2092
2096
2097
2102
2103
2104
2111
2112
2120
2122
2123
2131
2133
2138
2145
2149
2154
2155
2161
2162
2165
2171
2172
2173
2177
2179
2182
2184
2186
2190
2191
2193
2199
2200
2203
2204
2206
2207
2208
2209
2210
2219
2221
2223
2225
2226
2228
2229
2233
2243
2248
2251
2261
2263
2264
2265
2275
2276
2277
2278
2280
2281
2288
2297
2298
2306
2314
2320
2322
2324
2326
2328
2331
2333
2337
2338
2339
2346
2348
2351
2352
2356
2358
2359
2360
2362
2364
2378
2380
2386
2388
2392
2396
2397
2405
2406
2409
2410
2416
2419
2426
2427
2429
2433
2435
2444
2452
2453
2454
2457
2460
2462
2465
2469
2470
2479
2481
2486
2487
2489
2491
2492
2493
2494
2495
2499
2504
2506
2507
2508
2509
2516
2520
2522
2526
2529
2531
2533
2539
2547
2554
2555
2556
2558
2559
2566
2573
2574
2578
2583
2600
2602
2603
2606
2609
2626
2637
2639
2641
2642
2644
2648
2650
2651
2653
2656
2661
2662
2664
2665
2671
2674
2679
2680
2683
2685
2686
2687
2688
2689
2694
2697
2699
2700
2701
2706
2710
2711
2712
2714
2715
2720
2726
2727
2728
2730
2732
2735
2737
2738
2742
2743
2744
2746
2760
2766
2770
2772
2773
2774
2776
2777
2780
2783
2784
2785
2786
2794
2796
2799
2800
2802
2806
2815
2817
2829
2834
2835
2838
2846
2853
2855
2858
2861
2862
2863
2865
2868
2871
2873
2875
2879
2880
2884
2889
2895
2896
2897
2899
2900
2902
2903
2911
2914
2916
2919
2921
2922
2929
2930
2937
2938
2941
2942
2949
2950
2951
2955
2957
2959
2962
2970
2971
2974
2976
2980
2985
2989
2993
2998
2999
3000
3001
3005
3006
3013
3018
3022
3024
3025
3026
3031
3040
3043
3051
3053
3055
3058
3059
3060
3064
3065
3068
3069
3071
3074
3083
3099
3101
3106
3107
3114
3117
3119
3120
3121
3122
3124
3127
3129
3130
3135
3141
3143
3145
3155
3159
3160
3161
3170
3171
3172
3174
3176
3178
3179
3185
3186
3190
3196
3201
3203
3208
3211
3218
3221
3225
3230
3238
3241
3247
3252
3255
3258
3259
3261
3263
3269
3272
3275
3276
3278
3280
3281
3289
3291
3293
3295
3301
3303
3306
3307
3310
3313
3315
3317
3320
3325
3329
3335
3338
3340
3343
3354
3357
3362
3364
3368
3369
3370
3372
3377
3379
3380
3385
3387
3390
3391
3393
3395
3397
3402
3404
3405
3408
3411
3413
3418
3419
3425
3429
3431
3434
3437
3438
3439
3445
3449
3454
3455
3456
3458
3467
3469
3471
3477
3478
3481
3484
3488
3493
3495
3502
3505
3506
3510
3511
3514
3518
3524
3528
3533
3535
3538
3540
3544
3550
3553
3555
3556
3558
3561
3572
3576
3579
3581
3582
3589
3595
3600
3602
3616
3618
3626
3632
3638
3642
3652
3663
3664
3666
3674
3676
3679
3680
3681
3686
3696
3697
3700
3701
3704
3711
3714
3717
3728
3730
3735
3738
3741
3745
3748
3753
3754
3756
3757
3760
3764
3766
3776
3781
3784
3785
3787
3788
3790
3791
3793
3796
3800
3801
3803
3806
3809
3811
3816
3817
3818
3819
3830
3836
3841
3845
3848
3849
3853
3854
3857
3859
3867
3870
3872
3875
3876
3878
3880
3881
3884
3885
3890
3893
3897
3904
3912
3914
3915
3926
3931
3935
3937
3938
3941
3943
3949
3951
3952
3960
3968
3971
4001
4003
4004
4009
4013
4014
4016
4018
4020
4021
4023
4026
4027
4029
4035
4039
4040
4041
4046
4047
4049
4051
4061
4066
4067
4070
4072
4073
4074
4084
4086
4088
4089
4093
4096
4097
4100
4103
4104
4125
4127
4131
4139
4141
4144
4147
4152
4154
4155
4156
4158
4160
4161
4164
4168
4170
4171
4173
4175
4180
4181
4186
4187
4189
4191
4200
4202
4205
4208
4210
4211
4215
4217
4218
4219
4220
4222
4224
4229
4231
4232
4236
4244
4248
4249
4251
4252
4253
4257
4260
4261
4262
4263
4267
4272
4277
4285
4293
4297
4299
4300
4305
4312
4313
4319
4320
4322
4326
4327
4330
4333
4335
4337
4338
4345
4351
4352
4356
4361
4363
4371
4377
4378
4381
4385
4394
4396
4397
4405
4408
4410
4411
4419
4426
4438
4439
4440
4441
4445
4450
4457
4462
4465
4468
4473
4476
4477
4482
4483
4486
4490
4491
4496
4504
4507
4508
4516
4520
4529
4531
4533
4540
4541
4543
4548
4549
4550
4560
4565
4575
4577
4580
4583
4584
4585
4591
4592
4595
4598
4608
4609
4610
4613
4615
4618
4619
4621
4622
4629
4638
4639
4640
4647
4653
4661
4662
4665
4670
4673
4674
4684
4689
4692
4704
4710
4713
4722
4725
4729
4734
4736
4738
4746
4748
4770
4772
4774
4777
4785
4786
4787
4788
4789
4792
4797
4803
4810
4812
4814
4817
4818
4819
4821
4828
4843
4845
4851
4853
4857
4858
4861
4863
4866
4868
4870
4873
4875
4882
4883
4884
4887
4888
4889
4890
4893
4900
4901
4904
4905
4908
4915
4916
4917
4918
4922
4927
4933
4936
4937
4939
4940
4947
4953
4957
4960
4967
4971
4972
4974
4976
4978
4983
4984
4989
4993
4995
5001
5003
5004
5005
5009
5010
5011
5015
5016
5024
5026
5027
5028
5035
5044
5045
5050
5056
5057
5066
5068
5072
5075
5076
5086
5087
5091
5093
5105
5109
5110
5112
5114
5119
5120
5136
5139
5144
5147
5154
5155
5156
5158
5160
5166
5168
5169
5171
5176
5178
5182
5185
5190
5198
5202
5203
5206
5209
5211
5214
5220
5224
5228
5231
5238
5241
5243
5252
5257
5262
5264
5268
5269
5272
5283
5285
5288
5293
5294
5295
5296
5311
5320
5323
5327
5340
5344
5347
5349
5350
5352
5353
5354
5355
5362
5363
5376
5383
5384
5385
5388
5389
5390
5394
5400
5406
5408
5412
5415
5427
5428
5433
5440
5444
5450
5453
5458
5466
5470
5474
5475
5477
5478
5479
5481
5483
5488
5493
5498
5499
5514
5519
5520
5523
5528
5529
5534
5542
5543
5546
5554
5555
5556
5558
5559
5563
5566
5571
5573
5578
5580
5587
5589
5591
5595
5596
5598
5599
5603
5605
5608
5609
5611
5617
5619
5622
5625
5630
5634
5636
5640
5641
5642
5646
5652
5653
5654
5660
5666
5667
5674
5678
5684
5685
5689
5691
5693
5695
5697
5700
5701
5705
5706
5707
5716
5718
5719
5721
5726
5727
5730
5737
5739
5741
5743
5746
5751
5757
5760
5762
5765
5769
5770
5771
5775
5781
5783
5784
5789
5791
5793
5799
5803
5806
5807
5808
5811
5814
5817
5823
5837
5839
5842
5846
5847
5852
5854
5855
5856
5863
5864
5871
5873
5875
5882
5891
5905
5906
5907
5911
5912
5915
5921
5922
5924
5930
5933
5934
5936
5937
5939
5941
5945
5946
5950
5951
5953
5960
5962
5966
5970
5971
5975
5976
5980
5989
5996
6003
6004
6006
6009
6018
6019
6020
6021
6022
6025
6027
6028
6029
6045
6047
6048
6049
6051
6060
6064
6068
6071
6073
6079
6081
6082
6083
6093
6101
6104
6105
6106
6113
6114
6115
6116
6117
6119
6125
6127
6129
6131
6138
6147
6150
6153
6154
6155
6156
6158
6162
6166
6167
6176
6177
6181
6183
6184
6193
6202
6204
6206
6207
6215
6218
6220
6223
6227
6229
6231
6234
6238
6240
6251
6254
6257
6276
6277
6283
6285
6294
6295
6298
6301
6302
6304
6315
6316
6317
6320
6321
6322
6323
6328
6331
6336
6339
6343
6345
6351
6353
6356
6359
6361
6363
6368
6370
6371
6373
6376
6379
6381
6382
6385
6394
6396
6397
6405
6415
6422
6426
6429
6434
6436
6437
6439
6455
6456
6458
6465
6467
6472
6475
6489
6491
6493
6496
6500
6503
6506
6507
6509
6512
6515
6528
6533
6539
6540
6544
6545
6551
6556
6560
6566
6568
6570
6586
6592
6597
6599
6601
6602
6603
6604
6605
6607
6613
6615
6617
6618
6626
6628
6629
6630
6632
6633
6635
6638
6645
6647
6648
6652
6653
6657
6658
6661
6663
6667
6668
6672
6673
6676
6677
6678
6679
6680
6681
6686
6689
6690
6696
6700
6702
6703
6706
6708
6710
6720
6722
6724
6726
6727
6732
6736
6738
6744
6749
6754
6755
6758
6768
6772
6774
6775
6777
6778
6779
6780
6782
6783
6784
6790
6793
6794
6800
6807
6810
6812
6817
6819
6823
6840
6843
6845
6848
6859
6865
6866
6868
6874
6875
6879
6886
6887
6888
6890
6892
6894
6903
6910
6921
6923
6924
6926
6930
6931
6938
6941
6951
6953
6954
6960
6961
6963
6966
6970
6981
6983
6987
6988
6991
6997
6998
7003
7018
7026
7030
7032
7044
7045
7048
7050
7058
7059
7065
7066
7068
7074
7077
7078
7079
7082
7085
7086
7087
7094
7096
7100
7101
7106
7109
7112
7115
7120
7124
7128
7134
7136
7145
7146
7147
7149
7152
7154
7157
7161
7163
7171
7175
7177
7178
7183
7188
7195
7196
7197
7198
7200
7203
7205
7207
7209
7216
7224
7236
7237
7241
7248
7249
7250
7251
7253
7255
7261
7262
7266
7271
7272
7275
7283
7284
7291
7298
7300
7301
7304
7305
7308
7309
7312
7314
7316
7318
7319
7320
7325
7328
7331
7340
7341
7348
7349
7351
7354
7356
7357
7358
7365
7372
7374
7376
7379
7380
7383
7384
7387
7411
7413
7415
7416
7418
7428
7429
7430
7431
7432
7436
7439
7442
7448
7461
7463
7464
7469
7477
7480
7493
7494
7497
7499
7501
7505
7506
7518
7522
7523
7524
7544
7545
7546
7549
7551
7557
7558
7563
7564
7565
7571
7572
7577
7584
7598
7599
7602
7605
7607
7612
7614
7618
7624
7625
7629
7633
7641
7649
7650
7651
7652
7654
7655
7656
7657
7658
7659
7663
7665
7666
7668
7670
7675
7678
7680
7688
7690
7692
7694
7697
7698
7700
7702
7708
7714
7717
7718
7721
7724
7727
7729
7732
7733
7738
7740
7742
7746
7747
7751
7755
7761
7764
7765
7766
7778
7782
7789
7791
7794
7796
7797
7799
7809
7810
7812
7813
7820
7825
7827
7828
7832
7833
7836
7838
7840
7843
7844
7851
7854
7858
7859
7861
7865
7866
7876
7882
7890
7894
7896
7899
7906
7908
7913
7914
7920
7923
7927
7929
7930
7931
7932
7936
7938
7943
7948
7949
7950
7951
7953
7967
7974
7977
7980
7997
7998
8000
8002
8003
8007
8010
8021
8023
8025
8026
8035
8037
8040
8046
8048
8051
8062
8069
8070
8076
8078
8079
8080
8083
8091
8095
8101
8108
8109
8110
8115
8130
8134
8138
8141
8142
8143
8147
8155
8158
8159
8160
8163
8166
8169
8181
8185
8187
8190
8192
8195
8197
8198
8207
8208
8212
8216
8218
8220
8224
8227
8228
8229
8232
8240
8241
8243
8244
8248
8250
8255
8256
8258
8259
8260
8261
8269
8271
8272
8273
8274
8277
8279
8285
8291
8296
8302
8303
8305
8306
8308
8311
8321
8325
8326
8328
8335
8336
8338
8340
8347
8348
8352
8357
8358
8359
8361
8362
8363
8369
8371
8375
8381
8384
8390
8393
8400
8403
8404
8406
8408
8411
8412
8419
8420
8423
8429
8430
8432
8434
8435
8438
8445
8446
8449
8451
8452
8453
8454
8456
8458
8461
8464
8473
8476
8477
8482
8484
8489
8498
8500
8503
8515
8516
8521
8524
8526
8530
8534
8536
8541
8544
8548
8550
8551
8554
8557
8559
8560
8564
8565
8566
8568
8576
8578
8583
8585
8592
8594
8598
8600
8608
8612
8617
8618
8620
8625
8627
8628
8631
8632
8635
8636
8640
8649
8652
8657
8659
8675
8677
8680
8682
8684
8691
8692
8694
8708
8715
8719
8720
8721
8723
8726
8730
8731
8732
8738
8759
8760
8761
8767
8768
8771
8775
8777
8790
8792
8795
8796
8799
8804
8807
8814
8817
8820
8821
8825
8829
8834
8835
8839
8858
8859
8864
8865
8866
8869
8872
8883
8885
8888
8897
8898
8900
8906
8915
8916
8917
8918
8930
8931
8934
8937
8941
8942
8943
8945
8948
8950
8952
8956
8963
8964
8969
8971
8974
8982
8983
8985
8986
8990
8995
8997
8999
9002
9009
9011
9015
9022
9023
9024
9025
9026
9027
9028
9029
9030
9031
9032
9033
9034
9035
9036
9037
9038
9039
9040
9041
9042
9043
9044
9045
9046
9047
9048
9049
9050
9051
9052
9053
9054
9055
9056
9057
9058
9059
9060
9061
9062
9063
9064
9065
9066
9067
9068
9069
9070
9071
9072
9073
9074
9075
9076
9077
9078
9079
9080
9081
9082
9083
9084
9085
9086
9087
9088
9089
9090
9091
9092
9093
9094
9095
9096
9097
9098
9099
9100
9101
9102
9103
9104
9105
9106
9107
9108
9109
9110
9111
9112
9113
9114
9115
9116
9117
9118
9119
9120
9121
9122
9123
9124
9125
9126
9127
9128
9129
9130
9131
9132
9133
9134
9135
9136
9137
9138
9139
9140
9141
9142
9143
9144
9145
9146
9147
9148
9149
9150
9151
9152
9153
9154
9155
9156
9157
9158
9159
9160
9161
9162
9163
9164
9165
9166
9167
9168
9169
9170
9171
9172
9173
9174
9175
9176
9177
9178
9179
9180
9181
9182
9183
9184
9185
9186
9187
9188
9189
9190
9191
9192
9193
9194
9195
9196
9197
9198
9199
9200
9201
9202
9203
9204
9205
9206
9207
9208
9209
9210
9211
9212
9213
9214
9215
9216
9217
9218
9219
9220
9221
9222
9223
9224
9225
9226
9227
9228
9229
9230
9231
9232
9233
9234
9235
9236
9237
9238
9239
9240
9241
9242
9243
9244
9245
9246
9247
9248
9249
9250
9251
9252
9253
9254
9255
9256
9257
9258
9259
9260
9261
9262
9263
9264
9265
9266
9267
9268
9269
9270
9271
9272
9273
9274
9275
9276
9277
9278
9279
9280
9281
9282
9283
9284
9285
9286
9287
9288
9289
9290
9291
9292
9293
9294
9295
9296
9297
9298
9299
9300
9301
9302
9303
9304
9305
9306
9307
9308
9309
9310
9311
9312
9313
9314
9315
9316
9317
9318
9319
9320
9321
9322
9323
9324
9325
9326
9327
9328
9329
9330
9331
9332
9333
9334
9335
9336
9337
9338
9339
9340
9341
9342
9343
9344
9345
9346
9347
9348
9349
9350
9351
9352
9353
9354
9355
9356
9357
9358
9359
9360
9361
9362
9363
9364
9365
9366
9367
9368
9369
9370
9371
9372
9373
9374
9375
9376
9377
9378
9379
9380
9381
9382
9383
9384
9385
9386
9387
9388
9389
9390
9391
9392
9393
9394
9395
9396
9397
9398
9399
9400
9401
9402
9403
9404
9405
9406
9407
9408
9409
9410
9411
9412
9413
9414
9415
9416
9417
9418
9419
9420
9421
9422
9423
9424
9425
9426
9427
9428
9429
9430
9431
9432
9433
9434
9435
9436
9437
9438
9439
9440
9441
9442
9443
9444
9445
9446
9447
9448
9449
9450
9451
9452
9453
9454
9455
9456
9457
9458
9459
9460
9461
9462
9463
9464
9465
9466
9467
9468
9469
9470
9471
9472
9473
9474
9475
9476
9477
9478
9479
9480
9481
9482
9483
9484
9485
9486
9487
9488
9489
9490
9491
9492
9493
9494
9495
9496
9497
9498
9499
9500
9501
9502
9503
9504
9505
9506
9507
9508
9509
9510
9511
9512
9513
9514
9515
9516
9517
9518
9519
9520
9521
9522
9523
9524
9525
9526
9527
9528
9529
9530
9531
9532
9533
9534
9535
9536
9537
9538
9539
9540
9541
9542
9543
9544
9545
9546
9547
9548
9549
9550
9551
9552
9553
9554
9555
9556
9557
9558
9559
9560
9561
9562
9563
9564
9565
9566
9567
9568
9569
9570
9571
9572
9573
9574
9575
9576
9577
9578
9579
9580
9581
9582
9583
9584
9585
9586
9587
9588
9589
9590
9591
9592
9593
9594
9595
9596
9597
9598
9599
9600
9601
9602
9603
9604
9605
9606
9607
9608
9609
9610
9611
9612
9613
9614
9615
9616
9617
9618
9619
9620
9621
9622
9623
9624
9625
9626
9627
9628
9629
9630
9631
9632
9633
9634
9635
9636
9637
9638
9639
9640
9641
9642
9643
9644
9645
9646
9647
9648
9649
9650
9651
9652
9653
9654
9655
9656
9657
9658
9659
9660
9661
9662
9663
9664
9665
9666
9667
9668
9669
9670
9671
9672
9673
9674
9675
9676
9677
9678
9679
9680
9681
9682
9683
9684
9685
9686
9687
9688
9689
9690
9691
9692
9693
9694
9695
9696
9697
9698
9699
9700
9701
9702
9703
9704
9705
9706
9707
9708
9709
9710
9711
9712
9713
9714
9715
9716
9717
9718
9719
9720
9721
9722
9723
9724
9725
9726
9727
9728
9729
9730
9731
9732
9733
9734
9735
9736
9737
9738
9739
9740
9741
9742
9743
9744
9745
9746
9747
9748
9749
9750
9751
9752
9753
9754
9755
9756
9757
9758
9759
9760
9761
9762
9763
9764
9765
9766
9767
9768
9769
9770
9771
9772
9773
9774
9775
9776
9777
9778
9779
9780
9781
9782
9783
9784
9785
9786
9787
9788
9789
9790
9791
9792
9793
9794
9795
9796
9797
9798
9799
9800
9801
9802
9803
9804
9805
9806
9807
9808
9809
9810
9811
9812
9813
9814
9815
9816
9817
9818
9819
9820
9821
9822
9823
9824
9825
9826
9827
9828
9829
9830
9831
9832
9833
9834
9835
9836
9837
9838
9839
9840
9841
9842
9843
9844
9845
9846
9847
9848
9849
9850
9851
9852
9853
9854
9855
9856
9857
9858
9859
9860
9861
9862
9863
9864
9865
9866
9867
9868
9869
9870
9871
9872
9873
9874
9875
9876
9877
9878
9879
9880
9881
9882
9883
9884
9885
9886
9887
9888
9889
9890
9891
9892
9893
9894
9895
9896
9897
9898
9899
9900
9901
9902
9903
9904
9905
9906
9907
9908
9909
9910
9911
9912
9913
9914
9915
9916
9917
9918
9919
9920
9921
9922
9923
9924
9925
9926
9927
9928
9929
9930
9931
9932
9933
9934
9935
9936
9937
9938
9939
9940
9941
9942
9943
9944
9945
9946
9947
9948
9949
9950
9951
9952
9953
9954
9955
9956
9957
9958
9959
9960
9961
9962
9963
9964
9965
9966
9967
9968
9969
9970
9971
9972
9973
9974
9975
9976
9977
9978
9979
9980
9981
9982
9983
9984
9985
9986
9987
9988
9989
9990
9991
9992
9993
9994
9995
9996
9997
9998
9999
10000
10001
10002
10003
10004
10005
10006
10007
10008
10009
10010
10011
10012
10013
10014
10015
10016
10017
10018
10019
10020
10021
10022
10023
10024
10025
10026
10027
10028
10029
10030
10031
10032
10033
10034
10035
10036
10037
10038
10039
10040
10041
10042
10043
10044
10045
10046
10047
10048
10049
10050
10051
10052
10053
10054
10055
10056
10057
10058
10059
10060
10061
10062
10063
10064
10065
10066
10067
10068
10069
10070
10071
10072
10073
10074
10075
10076
10077
10078
10079
10080
10081
10082
10083
10084
10085
10086
10087
10088
10089
10090
10091
10092
10093
10094
10095
10096
10097
10098
10099
10100
10101
10102
10103
10104
10105
10106
10107
10108
10109
10110
10111
10112
10113
10114
10115
10116
10117
10118
10119
10120
10121
10122
10123
10124
10125
10126
10127
10128
10129
10130
10131
10132
10133
10134
10135
10136
10137
10138
10139
10140
10141
10142
10143
10144
10145
10146
10147
10148
10149
10150
10151
10152
10153
10154
10155
10156
10157
10158
10159
10160
10161
10162
10163
10164
10165
10166
10167
10168
10169
10170
10171
10172
10173
10174
10175
10176
10177
10178
10179
10180
10181
10182
10183
10184
10185
10186
10187
10188
10189
10190
10191
10192
10193
10194
10195
10196
10197
10198
10199
10200
10201
10202
10203
10204
10205
10206
10207
10208
10209
10210
10211
10212
10213
10214
10215
10216
10217
10218
10219
10220
10221
10222
10223
10224
10225
10226
10227
10228
10229
10230
10231
10232
10233
10234
10235
10236
10237
10238
10239
10240
10241
10242
10243
10244
10245
10246
10247
10248
10249
10250
10251
10252
10253
10254
10255
10256
10257
10258
10259
10260
10261
10262
10263
10264
10265
10266
10267
10268
10269
10270
10271
10272
10273
10274
10275
10276
10277
10278
10279
10280
10281
10282
10283
10284
10285
10286
10287
10288
10289
10290
10291
10292
10293
10294
10295
10296
10297
10298
10299
10300
10301
10302
10303
10304
10305
10306
10307
10308
10309
10310
10311
10312
10313
10314
10315
10316
10317
10318
10319
10320
10321
10322
10323
10324
10325
10326
10327
10328
10329
10330
10331
10332
10333
10334
10335
10336
10337
10338
10339
10340
10341
10342
10343
10344
10345
10346
10347
10348
10349
10350
10351
10352
10353
10354
10355
10356
10357
10358
10359
10360
10361
10362
10363
10364
10365
10366
10367
10368
10369
10370
10371
10372
10373
10374
10375
10376
10377
10378
10379
10380
10381
10382
10383
10384
10385
10386
10387
10388
10389
10390
10391
10392
10393
10394
10395
10396
10397
10398
10399
10400
10401
10402
10403
10404
10405
10406
10407
10408
10409
10410
10411
10412
10413
10414
10415
10416
10417
10418
10419
10420
10421
10422
10423
10424
10425
10426
10427
10428
10429
10430
10431
10432
10433
10434
10435
10436
10437
10438
10439
10440
10441
10442
10443
10444
10445
10446
10447
10448
10449
10450
10451
10452
10453
10454
10455
10456
10457
10458
10459
10460
10461
10462
10463
10464
10465
10466
10467
10468
10469
10470
10471
10472
10473
10474
10475
10476
10477
10478
10479
10480
10481
10482
10483
10484
10485
10486
10487
10488
10489
10490
10491
10492
10493
10494
10495
10496
10497
10498
10499
10500
10501
10502
10503
10504
10505
10506
10507
10508
10509
10510
10511
10512
10513
10514
10515
10516
10517
10518
10519
10520
10521
10522
10523
10524
10525
10526
10527
10528
10529
10530
10531
10532
10533
10534
10535
10536
10537
10538
10539
10540
10541
10542
10543
10544
10545
10546
10547
10548
10549
10550
10551
10552
10553
10554
10555
10556
10557
10558
10559
10560
10561
10562
10563
10564
10565
10566
10567
10568
10569
10570
10571
10572
10573
10574
10575
10576
10577
10578
10579
10580
10581
10582
10583
10584
10585
10586
10587
10588
10589
10590
10591
10592
10593
10594
10595
10596
10597
10598
10599
10600
10601
10602
10603
10604
10605
10606
10607
10608
10609
10610
10611
10612
10613
10614
10615
10616
10617
10618
10619
10620
10621
10622
10623
10624
10625
10626
10627
10628
10629
10630
10631
10632
10633
10634
10635
10636
10637
10638
10639
10640
10641
10642
10643
10644
10645
10646
10647
10648
10649
10650
10651
10652
10653
10654
10655
10656
10657
10658
10659
10660
10661
10662
10663
10664
10665
10666
10667
10668
10669
10670
10671
10672
10673
10674
10675
10676
10677
10678
10679
10680
10681
10682
10683
10684
10685
10686
10687
10688
10689
10690
10691
10692
10693
10694
10695
10696
10697
10698
10699
10700
10701
10702
10703
10704
10705
10706
10707
10708
10709
10710
10711
10712
10713
10714
10715
10716
10717
10718
10719
10720
10721
10722
10723
10724
10725
10726
10727
10728
10729
10730
10731
10732
10733
10734
10735
10736
10737
10738
10739
10740
10741
10742
10743
10744
10745
10746
10747
10748
10749
10750
10751
10752
10753
10754
10755
10756
10757
10758
10759
10760
10761
10762
10763
10764
10765
10766
10767
10768
10769
10770
10771
10772
10773
10774
10775
10776
10777
10778
10779
10780
10781
10782
10783
10784
10785
10786
10787
10788
10789
10790
10791
10792
10793
10794
10795
10796
10797
10798
10799
10800
10801
10802
10803
10804
10805
10806
10807
10808
10809
10810
10811
10812
10813
10814
10815
10816
10817
10818
10819
10820
10821
10822
10823
10824
10825
10826
10827
10828
10829
10830
10831
10832
10833
10834
10835
10836
10837
10838
10839
10840
10841
10842
10843
10844
10845
10846
10847
10848
10849
10850
10851
10852
10853
10854
10855
10856
10857
10858
10859
10860
10861
10862
10863
10864
10865
10866
10867
10868
10869
10870
10871
10872
10873
10874
10875
10876
10877
10878
10879
10880
10881
10882
10883
10884
10885
10886
10887
10888
10889
10890
10891
10892
10893
10894
10895
10896
10897
10898
10899
10900
10901
10902
10903
10904
10905
10906
10907
10908
10909
10910
10911
10912
10913
10914
10915
10916
10917
10918
10919
10920
10921
10922
10923
10924
10925
10926
10927
10928
10929
10930
10931
10932
10933
10934
10935
10936
10937
10938
10939
10940
10941
10942
10943
10944
10945
10946
10947
10948
10949
10950
10951
10952
10953
10954
10955
10956
10957
10958
10959
10960
10961
10962
10963
10964
10965
10966
10967
10968
10969
10970
10971
10972
10973
10974
10975
10976
10977
10978
10979
10980
10981
10982
10983
10984
10985
10986
10987
10988
10989
10990
10991
10992
10993
10994
10995
10996
10997
10998
10999
11000
11001
11002
11003
11004
11005
11006
11007
11008
11009
11010
11011
11012
11013
11014
11015
11016
11017
11018
11019
11020
11021
11022
11023
11024
11025
11026
11027
11028
11029
11030
11031
11032
11033
11034
11035
11036
11037
11038
11039
11040
11041
11042
11043
11044
11045
11046
11047
11048
11049
11050
11051
11052
11053
11054
11055
11056
11057
11058
11059
11060
11061
11062
11063
11064
11065
11066
11067
11068
11069
11070
11071
11072
11073
11074
11075
11076
11077
11078
11079
11080
11081
11082
11083
11084
11085
11086
11087
11088
11089
11090
11091
11092
11093
11094
11095
11096
11097
11098
11099
11100
11101
11102
11103
11104
11105
11106
11107
11108
11109
11110
11111
11112
11113
11114
11115
11116
11117
11118
11119
11120
11121
11122
11123
11124
11125
11126
11127
11128
11129
11130
11131
11132
11133
11134
11135
11136
11137
11138
11139
11140
11141
11142
11143
11144
11145
11146
11147
11148
11149
11150
11151
11152
11153
11154
11155
11156
11157
11158
11159
11160
11161
11162
11163
11164
11165
11166
11167
11168
11169
11170
11171
11172
11173
11174
11175
11176
11177
11178
11179
11180
11181
11182
11183
11184
11185
11186
11187
11188
11189
11190
11191
11192
11193
11194
11195
11196
11197
11198
11199
11200
11201
11202
11203
11204
11205
11206
11207
11208
11209
11210
11211
11212
11213
11214
11215
11216
11217
11218
11219
11220
11221
11222
11223
11224
11225
11226
11227
11228
11229
11230
11231
11232
11233
11234
11235
11236
11237
11238
11239
11240
11241
11242
11243
11244
11245
11246
11247
11248
11249
11250
11251
11252
11253
11254
11255
11256
11257
11258
11259
11260
11261
11262
11263
11264
11265
11266
11267
11268
11269
11270
11271
11272
11273
11274
11275
11276
11277
11278
11279
11280
11281
11282
11283
11284
11285
11286
11287
11288
11289
11290
11291
11292
11293
11294
11295
11296
11297
11298
11299
11300
11301
11302
11303
11304
11305
11306
11307
11308
11309
11310
11311
11312
11313
11314
11315
11316
11317
11318
11319